name: aind
channels:
- conda-forge
- defaults
dependencies:
- ca-certificates=2017.11.5=0
- h5py=2.7.1=py36_2
- hdf5=1.10.1=vc14_1
- icu=58.2=vc14_0
- jpeg=9b=vc14_2
- keras=2.0.9=py36_0
- libgpuarray=0.7.5=vc14_0
- libpng=1.6.28=vc14_2
- libtiff=4.0.7=vc14_1
- libwebp=0.5.2=vc14_7
- mako=1.0.7=py36_0
- opencv=3.3.0=py36_202
- openssl=1.0.2l=vc14_0
- pygpu=0.7.5=py36_0
- pyyaml=3.12=py36_1
- qt=5.6.2=vc14_1
- tk=8.5.19=vc14_1
- vc=14=0
- yaml=0.1.6=vc14_0
- zlib=1.2.11=vc14_0
- backports=1.0=py36_0
- backports.weakref=1.0rc1=py36_0
- bleach=1.5.0=py36_0
- bzip2=1.0.6=vc14_3
- colorama=0.3.7=py36_0
- cycler=0.10.0=py36_0
- decorator=4.0.11=py36_0
- entrypoints=0.2.2=py36_1
- freetype=2.5.5=vc14_2
- html5lib=0.9999999=py36_0
- ipykernel=4.5.2=py36_0
- ipython=5.3.0=py36_0
- ipython_genutils=0.1.0=py36_0
- ipywidgets=6.0.0=py36_0
- jinja2=2.9.5=py36_0
- jsonschema=2.5.1=py36_0
- jupyter=1.0.0=py36_3
- jupyter_client=5.0.0=py36_0
- jupyter_console=5.1.0=py36_0
- jupyter_core=4.3.0=py36_0
- libprotobuf=3.2.0=vc14_0
- libpython=2.0=py36_0
- m2w64-binutils=2.25.1=5
- m2w64-bzip2=1.0.6=6
- m2w64-crt-git=5.0.0.4636.2595836=2
- m2w64-gcc=5.3.0=6
- m2w64-gcc-ada=5.3.0=6
- m2w64-gcc-fortran=5.3.0=6
- m2w64-gcc-libgfortran=5.3.0=6
- m2w64-gcc-libs=5.3.0=7
- m2w64-gcc-libs-core=5.3.0=7
- m2w64-gcc-objc=5.3.0=6
- m2w64-gmp=6.1.0=2
- m2w64-headers-git=5.0.0.4636.c0ad18a=2
- m2w64-isl=0.16.1=2
- m2w64-libiconv=1.14=6
- m2w64-libmangle-git=5.0.0.4509.2e5a9a2=2
- m2w64-libwinpthread-git=5.0.0.4634.697f757=2
- m2w64-make=4.1.2351.a80a8b8=2
- m2w64-mpc=1.0.3=3
- m2w64-mpfr=3.1.4=4
- m2w64-pkg-config=0.29.1=2
- m2w64-toolchain=5.3.0=7
- m2w64-tools-git=5.0.0.4592.90b8472=2
- m2w64-windows-default-manifest=6.4=3
- m2w64-winpthreads-git=5.0.0.4634.697f757=2
- m2w64-zlib=1.2.8=10
- markdown=2.6.9=py36_0
- markupsafe=0.23=py36_2
- matplotlib=2.0.0=np111py36_0
- mistune=0.7.4=py36_0
- mkl=2017.0.1=0
- mkl-service=1.1.2=py36_3
- msys2-conda-epoch=20160418=1
- nbconvert=5.1.1=py36_0
- nbformat=4.3.0=py36_0
- notebook=4.4.1=py36_0
- numpy=1.11.3=py36_0
- olefile=0.44=py36_0
- pandas=0.19.2=np111py36_1
- pandocfilters=1.4.1=py36_0
- path.py=10.1=py36_0
- pickleshare=0.7.4=py36_0
- pillow=4.2.1=py36_0
- pip=9.0.1=py36_1
- prompt_toolkit=1.0.13=py36_0
- protobuf=3.2.0=py36_0
- py=1.4.32=py36_0
- pygments=2.2.0=py36_0
- pyparsing=2.1.4=py36_0
- pyqt=5.6.0=py36_2
- pytest=3.0.7=py36_0
- python=3.6.0=0
- python-dateutil=2.6.0=py36_0
- pytz=2016.10=py36_0
- pyzmq=16.0.2=py36_0
- qtconsole=4.2.1=py36_2
- scikit-learn=0.18.1=np111py36_1
- scipy=0.18.1=np111py36_1
- setuptools=27.2.0=py36_1
- simplegeneric=0.8.1=py36_1
- sip=4.18=py36_0
- six=1.10.0=py36_0
- tensorflow=1.2.1=py36_0
- testpath=0.3=py36_0
- theano=0.9.0=py36_0
- tornado=4.4.2=py36_0
- traitlets=4.3.2=py36_0
- vs2015_runtime=14.0.25420=0
- wcwidth=0.1.7=py36_0
- werkzeug=0.12.2=py36_0
- wheel=0.29.0=py36_0
- widgetsnbextension=2.0.0=py36_0
- pip:
  - certifi==2017.4.17
  - chardet==3.0.4
  - future==0.16.0
  - hmmlearn==0.2.1
  - idna==2.5
  - ipython-genutils==0.1.0
  - jupyter-client==5.0.0
  - jupyter-console==5.1.0
  - jupyter-core==4.3.0
  - prompt-toolkit==1.0.13
  - pygame==1.9.3
  - requests==2.18.1
  - requests-toolbelt==0.8.0
  - udacity-pa==0.2.6
  - urllib3==1.21.1
prefix: C:\Users\fibr1\Anaconda2\envs\aind

